211026 1624 -26  0.19  14.0969932  IT9GSH JM76 37         -2  0.24  1  1    0  0  23    18    23
211026 1624 -29  1.05  14.0970348  DJ7KA JM48 37           0  0.16  3  2  -32  0  26   455  -106
211026 1624 -26  0.41  14.0970531  KK1D FN31 30            0  0.25  1  1    0  0  28   294   -72
211026 1624 -22  1.05  14.0970900  DL7CHR JO62 30          0  0.36  1  1    0  0  10     1   361
211026 1624 -25  0.45  14.0971137  VE2JDL FN46 30          0  0.16  3  1  -40  0  30    72  -113
211026 1626 -26  0.28  14.0971210  DK9ES JO31 23           0  0.18  1  1    0  0  33   390   -93
211026 1626 -16  0.28  14.0971379  EA6URP JM19 23          0  0.53  1  1    0  0   4     1   558
211026 1628 -26  1.05  14.0970893  DL7CHR JO62 30          0  0.24  1  1    0  0  24     8    72
211026 1628 -23  0.58  14.0971165  DD7ZY JO40 33           0  0.21  1  1    0  0  31    11    -6
211026 1628 -16  0.32  14.0971373  <EA6URP> JM19IN 23      0  0.56  1  1    0  0   8     1   435
211026 1630 -15  0.41  14.0970753  HA4KYB JN97 27         -4  0.54  1  1    0  0   2     1   564
211026 1630 -21  0.37  14.0971127  VE2JDL FN46 30          0  0.24  1  1    0  0  18     1   269
211026 1630 -21  0.37  14.0971174  N1GF FN41 37            0  0.28  2  1    0  0  19     1   190
211026 1630 -11  0.24  14.0971224  EA6ALL JM19 23         -2  0.61  1  1    0  0   2     1   597
211026 1630 -22  0.19  14.0971444  DL1FX JN49 20          -1  0.18  1  1   -8  0  29    53   -36
211026 1630 -17  0.32  14.0971518  EA6GJ JM19 17           0  0.23  1  1    0  0  16     1   356
211026 1630 -16  0.54  14.0971551  EA6DT JM19 23           1  0.36  1  1    0  0  12     2   223
211026 1630  -8  0.41  14.0971622  EA8/DF4UE 37            0  0.58  1  1    0  0   0     1   595
211026 1630 -20  0.37  14.0972020  VK3MO QF22 37           0  0.29  1  1    0  0  15     1   346
211026_163200    14.096 Tx WSPR     0  0.0 1443 2E0UXV IO90 37
211026 1634 -25  0.83  14.0970891  DL7CHR JO62 30         -1  0.27  1  1    0  0  19     5   249
211026 1634 -21  0.37  14.0971173  HS0AJ OK03 30          -2  0.36  1  1    0  0   5     1   439
211026 1634 -18  0.02  14.0971447  DL1FX JN49 20          -2  0.29  1  1    0  0   9     1   397
211026_163600    14.096 Tx WSPR     0  0.0 1443 2E0UXV IO90 37
211026 1638 -25  0.92  14.0970882  DL7CHR JO62 30          0  0.23  1  1    0  1  34     1   810
211026 1638 -25  0.45  14.0971170  N1GF FN41 37           -1  0.30  2  1    0  1  36     1   810
211026 1638 -10  0.32  14.0971186  EA7URC IM77 27          0  0.55  1  1    0  0   2     1   652
211026 1638 -17 -0.66  14.0971525  OH3FR KP20 33          -2  0.51  1  1    0  0   7     1   428
211026 1640 -23  1.01  14.0970876  DL7CHR JO62 30          0  0.34  1  1    0  0  11     1   434
211026 1640  -5  0.32  14.0971182  OH5XO KP41 27          -1  0.64  1  1    0  0   0     1   688
211026 1640 -18  0.41  14.0971198  EA6ALL JM19 23         -2  0.20  2  1  -16  1  31     1   810
211026 1640 -24 -2.66  14.0971767  <...> JO55VS 30        -3  0.32  1  1    0  0  45     1   541
211026 1640 -20  0.41  14.0972005  VK3MO QF22 37          -1  0.37  1  1    0  0  10     1   441
211026 1642 -23  1.18  14.0970318  DJ7KA JM48 37           0  0.34  1  1    0  0  14     1   407
211026 1642 -24  0.96  14.0970872  DL7CHR JO62 30          0  0.31  1  1    0  0  11     1   394
211026 1642 -19  0.37  14.0971164  F6HDP JN39 33          -1  0.44  1  1    0  0   4     1   506
211026 1642 -16  0.02  14.0971423  DL1FX JN49 20           0  0.34  1  1    0  0   9     1   410
211026_164400    14.096 Tx WSPR     0  0.0 1455 2E0UXV IO90 37
211026 1646 -21  2.46  14.0970779  <...> IO90BR 23        -1  0.37  1  1    0  0  38     1   728
211026 1646 -12  0.96  14.0971219  CT2KBC IM58 37         -3  0.51  1  1    0  0   0     1   741
211026 1646 -21 -0.02  14.0971425  DL1FX JN49 20          -2  0.28  1  1    0  0  14     1   371
211026 1646 -14  0.32  14.0971641  <EA6URP> JM19IN 23     -2  0.40  1  1    0  0   1     1   629
211026 1646 -19  0.54  14.0972108  OZ5ACI JO66 37          0  0.28  3  1    0  0  22     1   160
211026_164800    14.096 Tx WSPR     0  0.0 1455 2E0UXV IO90 37
211026_165000    14.096 Tx WSPR     0  0.0 1455 2E0UXV IO90 37
211026 1652 -21  0.96  14.0970873  DL7CHR JO62 30         -2  0.39  1  1    0  0  13     1   413
211026 1652 -18  0.07  14.0971427  DL1FX JN49 20          -3  0.33  1  1    0  0  18     1   263
211026 1654 -11  0.32  14.0971142  EA7URC IM77 27          0  0.63  1  1    0  0   3     1   568
211026 1654 -23  0.75  14.0971596  IK2RFI JN45 37         -4  0.34  1  1    0  0  13     1   382
211026 1654 -24  0.37  14.0971786  TA4/G8SCU 37           -1  0.31  1  1    0  0  22     1   200
211026 1656  -4 -1.04  14.0970364  <...> JN49HX 37        -2  0.68  1  1    0  0  36     1   638
211026 1656 -30  1.01  14.0970727  DL3AAV JO52 23          0  0.20  1  1    0  0  28    25    10
211026 1656 -12  0.28  14.0971140  OH5XO KP41 27          -2  0.61  1  1    0  0   2     1   578
211026 1656 -19  0.02  14.0971399  DL1FX JN49 20          -1  0.29  1  1    0  0   9     1   435
211026 1656 -28  0.41  14.0971776  <TA4/G8SCU> KM56VO 37   0  0.22  1  1  -24  0  36   130   -88
211026 1658  -6 -1.04  14.0970350  DL8ROA JN49 37          0  0.79  1  1    0  0   0     1   686
211026 1658 -22  2.07  14.0970935  OZ1LIF JO65 23          0  0.36  1  1    0  0  15     1   395
211026 1658 -18  0.66  14.0971111  DD7ZY JO40 33           0  0.49  1  1    0  0   1     1   588
211026 1700 -16  0.96  14.0970279  DJ7KA JM48 37           0  0.60  1  1    0  0   2     1   620
211026 1700 -20  2.41  14.0970740  M6JGW IO90 23           0  0.46  1  1    0  0   0     1   771
211026 1700 -28  1.18  14.0970819  DL4XU JN59 30           0  0.19  1  1    0  0  30   452  -112
211026 1700 -21  0.71  14.0970904  DL6OBU JO43 23          0  0.28  1  1    0  0  13     2   318
211026 1700 -21 -0.02  14.0971386  <DL1FX> JN49GR 20      -1  0.30  1  1    0  0  28     1   144
211026 1700 -14  0.41  14.0971968  VK3MO QF22 37           0  0.47  1  1    0  0   2     1   551
211026_170200    14.096 Tx WSPR     0  0.0 1455 2E0UXV IO90 37
211026 1704 -13 -1.04  14.0970360  <DL8ROA> JN49HX 37     -3  0.46  1  1    0  0  10     1   468
211026 1704 -23  0.41  14.0971131  HS0AJ OK03 30          -3  0.23  1  1    0  0  29    90    71
211026 1704 -22  0.66  14.0971604  IK2RFI JN45 37         -4  0.15  2  1    0  0  31     3     8
211026 1704 -11  0.32  14.0971653  OZ7IT JO65 37          -2  0.52  1  1    0  0   9     1   414
211026 1706 -24  0.32  14.0970077  AC1BC FN42 43           0  0.25  1  1    0  0  22     3   130
211026 1706  -6  0.37  14.0971114  EA7URC IM77 27          0  0.63  1  1    0  0   2     1   605
211026 1706 -16  0.02  14.0971379  DL1FX JN49 20          -1  0.37  1  1    0  0  10     1   399
211026 1708 -16  1.05  14.0970267  DJ7KA JM48 37           0  0.57  1  1    0  0   7     1   479
211026 1708 -28  1.05  14.0970697  DL3AAV JO52 23          0  0.22  1  1    0  0  21     2   130
211026 1708 -20  0.58  14.0971090  DD7ZY JO40 33           0  0.30  1  1    0  0  23    14   120
211026 1708 -26  0.28  14.0971722  TF3HZ HP94 30          -1  0.21  1  1    0  0  30     5   -13
211026 1710 -25  0.45  14.0970143  CT1EBQ IM58 23          0  0.27  1  1    0  0  24     1   140
211026 1710 -19  2.41  14.0970719  <M6JGW> IO90BR 23       0  0.44  1  1    0  0   0     1   769
211026 1710 -11  0.41  14.0971239  OZ2JBR JO65 37          0  0.71  1  1    0  0   0     1   611
211026 1710  -5  0.41  14.0971546  EA8/DF4UE 37           -1  0.67  1  1    0  0   0     1   653
211026 1710 -17  0.37  14.0971936  VK3MO QF22 37           0  0.42  1  1    0  0   4     1   486
211026 1712 -15  2.20  14.0970898  OZ1LIF JO65 23          0  0.34  1  1    0  0   5     1   450
211026 1712 -18 -0.02  14.0971360  DL1FX JN49 20           0  0.32  1  1    0  0  11     1   398
211026 1714  -7 -1.09  14.0970322  DL8ROA JN49 37         -1  0.75  1  1    0  0   1     1   609
211026 1714 -26  0.45  14.0971083  HS0AJ OK03 30           0  0.16  1  1    0  1  43     1   810
211026 1714 -22 -2.62  14.0971630  OZ1DEO JO55 30         -4  0.39  1  1    0  0  21     1   350
211026 1716 -20  2.46  14.0970707  M6JGW IO90 23           0  0.51  1  1    0  0   0     1   763
211026 1716 -25  1.05  14.0970785  DL4XU JN59 30           0  0.26  1  1    0  0  25   175    -6
211026 1716 -13  0.32  14.0971108  OH5XO KP41 27          -1  0.58  1  1    0  0   0     1   646
211026 1716 -22 -2.62  14.0971589  <OZ1DEO> JO55VS 30     -4  0.38  1  1    0  0  12     1   361
211026 1718 -16  1.01  14.0970241  DJ7KA JM48 37           0  0.60  1  1    0  0   3     1   547
211026 1718 -19 -0.02  14.0971346  DL1FX JN49 20           0  0.30  1  1    0  0  15     1   296
211026 1718 -12  0.37  14.0971607  OZ7IT JO65 37           0  0.66  1  1    0  0   2     1   615
211026 1720 -29  1.05  14.0970666  DL3AAV JO52 23          0  0.14  2  1  -16  1  38     1   810
211026 1720 -24  0.58  14.0971063  DD7ZY JO40 33           0  0.28  1  1    0  0  25     1    57
211026 1720 -21  0.45  14.0971144  DL4OAQ JO42 37          0  0.35  1  1    0  0  13     1   365
211026 1720 -26  0.75  14.0971233  DL6OBU JO43 23          0  0.29  1  1    0  0  25    27    48
211026 1720 -19  0.45  14.0971916  VK3MO QF22 37           0  0.41  1  1    0  0   7     1   468
211026 1722  -5 -1.04  14.0970306  <DL8ROA> JN49HX 37     -1  0.71  1  1    0  0   2     1   507
211026 1724 -10  0.02  14.0971081  DL3EL JO40 30           0  0.62  1  1    0  0   2     1   564
211026 1724 -24  0.24  14.0971090  OH5XO KP41 27          -1  0.20  2  1    0  0  37   308  -148
211026 1724 -19 -0.02  14.0971336  DL1FX JN49 20           0  0.24  1  1    0  0  20     1   102
211026 1724 -15  0.79  14.0972025  OZ5ACI JO66 37          0  0.59  1  1    0  0  11     1   492
211026 1726 -21  2.46  14.0970687  <M6JGW> IO90BR 23       0  0.51  1  1    0  0   0     1   776
211026 1726 -23  1.13  14.0970768  DL4XU JN59 30           0  0.22  1  1    0  1  26     1   810
211026 1726 -24  0.28  14.0971713  <TA4/G8SCU> KM56VO 37   0  0.30  1  1    0  0  24     6    20
211026 1728 -12  1.09  14.0970223  DJ7KA JM48 37           0  0.70  1  1    0  0   1     1   616
211026 1728 -15  2.29  14.0970860  OZ1LIF JO65 23          0  0.57  1  1    0  0   3     1   619
211026 1728 -23  0.58  14.0971050  DD7ZY JO40 33           0  0.30  1  1    0  0  30    34   -62
211026 1728 -19  0.49  14.0971109  DL4OAQ JO42 37          0  0.47  1  1    0  0  12     1   403
211026 1728 -28  0.37  14.0971681  TF3HZ HP94 30          -1  0.19  1  1    0  0  31   327  -138
211026 1730 -28  0.37  14.0970835  WA3DNM FM29 40          0  0.18  3  2    0  0  28   396   -47
211026 1730 -22 -0.06  14.0971329  DL1FX JN49 20           0  0.26  1  1    0  0  26     2    64
211026 1730 -14  1.22  14.0971508  <EA8/DF4UE> IL38BP 37  -1  0.36  1  1    0  0  12    19   219
211026 1730 -23  0.28  14.0971565  HB9AK JN36 23          -1  0.20  1  1    0  0  27    79    38
211026 1730 -28  0.71  14.0971637  DL6OBU JO43 23          0  0.20  1  1    0  1  34     1   810
211026 1730 -18  0.45  14.0971901  VK3MO QF22 37           0  0.40  1  1    0  0   4     1   518
211026 1732 -26  0.62  14.0970811  IZ1MHY JN54 23          0  0.24  1  1    0  0  25    44   -53
211026 1734 -11 -1.09  14.0970289  DL8ROA JN49 37         -1  0.66  1  1    0  0   1     1   621
211026 1734 -20  1.18  14.0970758  DL4XU JN59 30           0  0.45  1  1    0  0   2     1   567
211026 1734 -17  0.45  14.0971103  DL4OAQ JO42 37          0  0.40  1  1    0  0  23     1   175
211026 1734 -18  1.52  14.0971295  KM4AYW EM95 37         -1  0.23  1  1    0  0  34    12     9
211026 1734 -18  0.07  14.0971326  DL1FX JN49 20           0  0.28  1  1    0  0  14     1   304
211026 1736 -20  2.46  14.0970676  M6JGW IO90 23           0  0.45  1  1    0  0   0     1   756
211026 1736  -9  0.37  14.0971581  OZ7IT JO65 37           0  0.75  1  1    0  0   0     1   602
211026 1738 -13  1.01  14.0970212  DJ7KA JM48 37           0  0.65  1  1    0  0   4     1   614
211026 1738 -21  0.37  14.0971669  TF3HZ HP94 30          -1  0.37  1  1    0  0  11     1   431
220225 1258 -14  0.07  14.0971562  OZ7IT JO65 37           0  0.60  1  1    0  0   1     1   583
220225 1258 -27  0.07  14.0971768  TF3HZ HP94 33           0  0.19  1  1    0  1  36     1   810
220225 1300 -16  0.07  14.0970683  SK6JX JO66 23           0  0.57  1  1    0  0   0     1   644
220225 1300 -13  0.24  14.0970788  SM3UQS JP82 37          0  0.50  1  1    0  0  17     3    41
220225 1300 -17  0.24  14.0970997  HA4KYB JN97 27         -4  0.48  1  1    0  0   5     1   493
220225 1300 -20  0.07  14.0971349  EA6ALL JM19 23         -1  0.38  1  1    0  0  10     1   384
220225 1300 -19  0.19  14.0971408  EA6URP JM19 23          0  0.43  1  1    0  0  14     1   365
220225 1302 -29  0.11  14.0970288  G7GXK IO90 23           1  0.19  1  1    0  0  25    20   -35
220225 1302  -9  0.02  14.0970824  IK6ZEW JN72 20          0  0.68  1  1    0  0   1     1   634
220225 1302 -20  0.24  14.0970972  HA4KYB JN97 30         -3  0.37  1  1    0  0  18     1   260
220225 1302 -11  0.02  14.0971171  EA7URC IM77 27          1  0.66  1  1    0  0   2     1   526
220225 1302 -26  0.32  14.0971217  EA4TK IN80 23           0  0.18  2  1    0  0  30    58   -66
220225 1302 -17  0.32  14.0971412  <EA6URP> JM19IN 23      0  0.45  1  1    0  0  11     1   479
220225 1304 -17  1.13  14.0970798  M6JGW IO90 23           0  0.56  1  1    0  0   0     1   784
220225 1304 -10 -0.36  14.0971172  OE3KFB JN78 37          0  0.70  1  1    0  0   1     1   711
220225 1306 -29 -0.79  14.0970607  UB8SFY LO62 23          0  0.15  3  2   -8  0  32   120   -77
220225 1306 -30  0.37  14.0970942  IZ1MHY JN54 23          0  0.18  1  1   16  1  35     1   810
220225 1308 -19  0.15  14.0971209  SM5SSZ JO89 23          0  0.33  1  1    0  0  11     1   447
220225 1308 -20  0.49  14.0971285  SP2LNY JO94 23          0  0.37  1  1    0  0  13     1   310
220225 1308 -15  0.02  14.0971408  SK6JX JO66 23           0  0.58  1  1    0  0   2     1   565
220225 1308 -25  0.37  14.0971508  IZ1RWC JN44 27          1  0.23  1  1    0  0  19     6   139
220225 1308 -14  0.45  14.0971580  EA6DT JM19 23           0  0.56  1  1    0  0   4     1   546
220225 1310 -24 -0.62  14.0970037  CT1EBQ IM58 23          2  0.32  1  1    0  0  12     1   338
220225 1310 -30  0.15  14.0970346  G7GXK IO90 23           1  0.18  1  1    0  0  20     1   120
220225 1310 -28 -0.83  14.0970691  UB8SFY LO62 23          0  0.21  1  1    0  0  27    15    -2
220225 1310 -20  0.02  14.0970836  IK6ZEW JN72 20          0  0.46  2  1    0  0  11     1   282
220225 1310 -10  0.07  14.0970848  SA7ORA JO65 33          0  0.47  1  1    0  0   5     1   548
220225 1310 -20  0.15  14.0971007  HA4KYB JN97 27         -4  0.45  1  1    0  0   8     1   479
220225 1310 -16  0.02  14.0971170  DL7JMJ JO64 23         -4  0.42  1  1    0  0  11     1   449
220225 1310  -7  0.02  14.0971365  EA6ALL JM19 23         -2  0.67  1  1    0  0   3     1   608
220225 1310 -24  0.07  14.0972042  AB3MC FN00 37          -1  0.20  1  1    0  0  25    24  -118
220225 1312 -25  1.43  14.0970599  W4DJW EM84 40           0  0.17  1  1    0  0  28    93   -42
220225 1312 -19  0.83  14.0970692  SM5CJW JO89 23          0  0.51  1  1    0  0   4     1   604
220225 1312 -11  0.19  14.0970981  HA4KYB JN97 30         -4  0.67  1  1    0  0   0     1   765
220225 1312 -22  0.37  14.0971410  CT1BAT IN50 23          0  0.22  1  1    0  0  30     2    44
220225 1312 -27  1.13  14.0971436  OK2SAM JN99 30          0  0.19  3  1  -24  0  31    66   -71
220225 1314 -27 -0.79  14.0970773  UB8SFY LO62 23          0  0.20  2  1    0  1  35     1   810
220225 1314 -17  1.13  14.0970807  <M6JGW> IO90BR 23       0  0.53  1  1    0  0   0     1   785
220225 1314 -28  0.11  14.0971160  HS0AJ OK03 30           0  0.19  2  1    0  1  35     1   810
220225 1314 -15  0.11  14.0971172  EA7URC IM77 27          1  0.46  1  1    0  0   4     1   561
220225 1314 -23  0.37  14.0971412  <CT1BAT> IN50SE 23      0  0.31  1  1    0  0  15     1   369
220225 1314 -28  0.11  14.0971716  PA3BTI JO22 43          0  0.21  1  1   16  0  28    21   -73
220225 1316 -17  0.28  14.0970747  EA6URP JM19 23          0  0.48  1  1    0  0   5     1   522
220225 1316 -24  0.07  14.0971181  OH5XO KP41 27          -2  0.23  2  1    0  1  44     1   810
220225 1316 -12 -0.36  14.0971184  OE3KFB JN78 37          0  0.57  1  1    0  0   7     1   561
220225 1318 -17  0.28  14.0970746  <EA6URP> JM19IN 23      0  0.54  1  1    0  0   1     1   654
220225 1318 -19  0.41  14.0971065  EA6DT JM19 23           0  0.49  1  1    0  0   4     1   581
220225 1318 -28  0.28  14.0971240  G7GXK IO90 23           1  0.22  1  1    0  1  38     1   810
220225 1318 -28 -0.02  14.0971781  TF3HZ HP94 33           0  0.14  1  1    0  1  28     1   810
220225 1318 -27  0.37  14.0971860  EA4TK IN80 23           0  0.15  1  1    0  1  32     1   810
220225 1320 -16  0.02  14.0970841  IK6ZEW JN72 20          0  0.60  1  1    0  0   0     1   727
220225 1320 -19  0.02  14.0971213  SM5SSZ JO89 23          0  0.21  3  1   40  1  41     1   810
220225 1320 -10  0.07  14.0971222  EA6ALL JM19 23         -1  0.52  1  1    0  0   3     1   644
220225_132200    14.096 Tx WSPR     0  0.0 1419 2E0UXV IO90 30
220225 1324 -12 -0.49  14.0971180  OE3KFB JN78 37          0  0.61  1  1    0  0   7     1   497
220225 1324 -13  0.02  14.0971379  SK6JX JO66 23           0  0.66  1  1    0  0   0     1   761
220225_132800    14.096 Tx WSPR     0  0.0 1432 2E0UXV IO90 30
220225 1330 -11  0.24  14.0970740  DK3DUA JO61 23         -1  0.65  1  1    0  0   0     1   734
220225 1330 -12  0.19  14.0970799  SM3UQS JP82 37         -1  0.46  1  1    0  0   0     1   568
220225 1330 -16  0.07  14.0970844  IK6ZEW JN72 20          0  0.20  3  4    0  0  20    13   -89
220225 1330 -20  0.19  14.0971005  HA4KYB JN97 27         -4  0.35  1  1    0  0  19     1   206
220225 1330 -12  0.02  14.0971181  EA7URC IM77 27          0  0.47  1  1    0  0   3     1   453
220225 1330 -13  0.02  14.0971221  EA6ALL JM19 23         -2  0.49  1  1    0  0   5     1   594
220225 1330 -26  0.62  14.0971797  4Z4SI KM72 23           0  0.23  1  1    0  0  25     1    47
220225 1332 -14  0.19  14.0970981  HA4KYB JN97 30         -4  0.57  1  1    0  0   1     1   646
220225 1332 -17  0.19  14.0971177  EA6URP JM19 23          0  0.32  1  1    0  0  20     2   188
220225 1332 -17  0.07  14.0971211  SM5SSZ JO89 23          0  0.37  1  1    0  0  27   221  -123
220225 1332 -19  0.02  14.0971916  SK6JX JO66 23           0  0.46  1  1    0  0   3     1   620
220225 1334 -19  1.13  14.0970805  <M6JGW> IO90BR 23       0  0.51  1  1    0  0   0     1   780
220225 1334 -22  0.28  14.0971175  <EA6URP> JM19IN 23      0  0.21  2  1    0  0  25     8    64
220225 1334 -14 -0.53  14.0971180  OE3KFB JN78 37          0  0.38  1  1    0  0  10     1   469
220225 1334 -28  0.07  14.0971248  G7GXK IO90 23           0  0.15  3  2   40  1  34     1   810
220225 1334 -17  0.19  14.0971662  DL2JKK JO61 23          0  0.47  1  1    0  0   6     1   511
220225 1334 -18  0.11  14.0971719  DC7TO JO62 27           0  0.37  1  1    0  0  25     1   281
220225 1336 -22  0.11  14.0971345  EA6ANX JM19 23          0  0.34  1  1    0  0   1     1   589
220225 1338 -20  1.18  14.0970803  M6JGW IO90 23           0  0.35  1  1    0  0   1     1   715
220225 1338 -25  0.32  14.0970881  EA6DT JM19 23           0  0.22  1  1    0  0  26     1   109
220225 1338 -24  0.24  14.0971343  <EA6ANX> JM19GM 23      0  0.25  1  1    0  0  17     1   388
220225 1338 -26  0.11  14.0971726  PA3BTI JO22 43          0  0.13  1  1    0  1  29     1   810
220225 1340 -29  0.88  14.0970690  SM5CJW JO89 23          0  0.14  3  2  -16  1  40     1   810
220225 1340 -15  0.02  14.0970834  IK6ZEW JN72 20          0  0.37  1  1    0  0   3     1   570
220225 1340 -25  0.07  14.0971209  SM5SSZ JO89 23          0  0.17  3  3    0  1  38     1   810
220225 1340 -14  0.02  14.0971372  EA6ALL JM19 23         -2  0.37  1  1    0  0   1     1   676
220225 1340 -21  0.32  14.0971692  DK3DUA JO61 23         -1  0.31  1  1    0  0   3     1   575
220225 1342 -23  0.24  14.0970958  HA4KYB JN97 30         -4  0.24  1  1    0  0   9     1   436
220225 1342 -21  1.09  14.0971427  OK2SAM JN99 30          0  0.42  1  1    0  0   4     1   606
220225 1342 -27  3.74  14.0971567  HA5IS JN97 37           0  0.24  1  1    0  0  22     4    52
220225 1344 -16 -1.43  14.0971165  OE3KFB JN78 37          0  0.58  1  1    0  0   2     1   637
220225 1344 -26  0.02  14.0972029  AB3MC FN00 37          -2  0.18  1  1    0  1  38     1   810
220225 1346 -27  1.56  14.0970577  W4DJW EM84 40          -2  0.14  2  1    8  1  37     1   810
220225 1346 -10  0.19  14.0970773  DL2JKK JO61 23          0  0.51  1  1    0  0  26     1    75
220225 1346 -22  1.13  14.0970785  <M6JGW> IO90BR 23       0  0.34  2  1    0  0   4     1   556
220225 1346 -19  0.37  14.0970957  CT1BAT IN50 23          0  0.45  1  1    0  0   4     1   587
220225 1346 -17  0.02  14.0971161  EA7URC IM77 27          0  0.55  1  1    0  0   7     1   544
220225_134800    14.096 Tx WSPR     0  0.0 1432 2E0UXV IO90 30
220225 1350 -18  0.32  14.0970788  <EA6URP> JM19IN 23      0  0.52  1  1    0  0   1     1   588
220225 1350 -21  0.54  14.0971137  SP2LNY JO94 23          0  0.19  3  1    0  1  41     1   810
220225 1350 -13  0.07  14.0971141  DL7JMJ JO64 23         -4  0.40  2  1    0  0  13     1   401
220225 1350  -7  0.07  14.0971177  EA6ALL JM19 23         -2  0.63  1  1    0  0   2     1   669
220225 1350 -22 -0.83  14.0971455  UB8SFY LO62 23          0  0.32  1  1    0  0  15     1   307
220225 1350 -29  0.15  14.0971686  PA3BTI JO22 43         -1  0.16  1  1  -24  1  43     1   810
220225 1352 -18  0.02  14.0970232  EA6ANX JM19 23          0  0.45  1  1    0  0   7     1   490
220225 1352 -16 -0.19  14.0970795  IK6ZEW JN72 20          0  0.57  1  1    0  0   3     1   640
220225 1352 -20 -0.06  14.0970909  HA4KYB JN97 30         -4  0.32  1  1    0  0  31     1    36
220225 1352 -25  0.19  14.0971172  <...> KO85SR 23         0  0.26  1  1    0  0  54    60   -15
220225 1352 -29  0.92  14.0971391  OK2SAM JN99 30          0  0.16  1  1    0  1  37     1   810
220225 1354 -19  0.28  14.0970225  <EA6ANX> JM19GM 23      0  0.47  1  1    0  0   7     1   542
220225 1354 -12 -1.34  14.0971129  OE3KFB JN78 37          0  0.68  1  1    0  0   0     1   661
220225 1354 -28  0.24  14.0971441  OK1VAW JO70 23          0  0.19  3  2   32  0  26   106   -45
220225 1356 -22  0.79  14.0970640  SM5CJW JO89 23          0  0.41  1  1    0  0   3     1   617
220225 1356 -26  0.79  14.0971160  IU8EUN JM88 37          0  0.20  1  1    0  0  32    80   -10
220225 1358 -24  0.37  14.0970699  EA6DT JM19 23           0  0.26  1  1    0  0  27     3   160
220225 1358 -21  0.24  14.0970998  OK1IAW JO70 23          0  0.37  1  1    0  0   8     1   449
220225 1358 -18  0.96  14.0971533  HA5IS JN97 37           1  0.51  1  1    0  0   1     1   690
220225 1358 -29  0.15  14.0971682  G7GXK IO90 23           1  0.16  1  1    0  1  41     1   810
220225 1400  -1 -0.32  14.0971058  G0VXG JM29 30           0  0.49  1  1    0  0   0     1   761
220225 1400 -18  0.02  14.0971158  EA6ALL JM19 23         -1  0.41  1  1    0  0   6     1   525
220225 1402 -19  1.13  14.0970750  M6JGW IO90 23           0  0.51  1  1    0  0   0     1   771
220225 1402 -14  0.19  14.0970899  HA4KYB JN97 30         -4  0.44  1  1    0  0   5     1   523
220225 1402 -14  0.07  14.0971129  EA7URC IM77 27          0  0.61  1  1    0  0   6     1   430
220225 1402 -27  0.96  14.0971381  OK2SAM JN99 30          0  0.19  1  1    0  1  32     1   810
220225 1402 -34  0.11  14.0971676  PA3BTI JO22 43          0  0.13  3  2   16  1  39     1   810
220225 1402 -22 -0.79  14.0971679  UB8SFY LO62 23          0  0.25  1  1    0  0  20   133     7
220225 1404 -23  0.45  14.0970578  SP2LNY JO94 23          0  0.34  1  1    0  0   4     1   556
220225 1404   0 -0.32  14.0971039  G0VXG JM29 30          -1  0.51  1  1    0  0   0     1   728
220225 1406 -27 -0.91  14.0970558  UB8SFY LO62 23          0  0.19  1  1    0  1  40     1   810
220225 1406 -22  0.37  14.0971070  <EA6URP> JM19IN 23      0  0.21  1  1    0  0  20     2   153
220225 1406 -14 -0.66  14.0971128  OE3KFB JN78 37          0  0.51  1  1    0  0   4     1   642
220225 1406 -22  0.79  14.0971160  IU8EUN JM88 37          0  0.34  2  1    0  0  30     4    43
220225 1408 -23  0.37  14.0970820  EA6DT JM19 23           0  0.34  1  1    0  0  10     1   391
220225 1408  -8 -0.32  14.0971023  G0VXG JM29 30           0  0.43  1  1    0  0   2     1   629
220225 1408 -23  0.02  14.0971145  OH5XO KP41 27          -2  0.24  2  1   24  1  45     1   810
220225 1408 -24  0.28  14.0971580  EA6ANX JM19 23          0  0.30  1  1    0  0  19     1   165
220225 1410 -25 -0.62   7.0399987  CT1EBQ IM58 23          2  0.24  1  1    0  1  34     1   810
220225 1410 -23  1.13   7.0400750  <M6JGW> IO90BR 23       0  0.31  1  1    0  0  29     7    27
220225 1410 -14 -0.02   7.0401158  EA6ALL JM19 23         -2  0.49  1  1    0  0  33     2    40
220225 1412 -21  0.58  14.0970780  IK6ZEW JN72 20          0  0.40  1  1    0  0   7     1   500
220225 1412  -6 -0.32  14.0971010  G0VXG JM29 30           0  0.45  1  1    0  0   4     1   527
220225 1412 -22  1.01  14.0971381  OK2SAM JN99 30          0  0.38  1  1    0  0   9     1   513
220225 1414 -17  0.79  14.0970638  SM5CJW JO89 23          0  0.56  1  1    0  0   0     1   568
220225 1414 -24  0.37  14.0970811  OK1IAW JO70 23         -1  0.24  1  1    0  1  45     1   810
220225 1414 -12  0.11  14.0971115  EA7URC IM77 27          1  0.45  2  1    0  0   2     1   571
220225 1414  -7 -0.40  14.0971120  OE3KFB JN78 37          0  0.32  1  1    0  0  31     3   -17
220225 1416  -4 -0.27  14.0971002  G0VXG JM29 30           0  0.52  1  1    0  0   1     1   640
220225 1416 -23  1.18  14.0971145  OE9HPV JN47 37          0  0.21  1  1    0  0  22     4    55
220225 1418 -22  0.37  14.0970935  EA6DT JM19 23           0  0.38  1  1    0  0  17     1   323
220225 1418 -13  0.37  14.0972061  SP2LNY JO94 23          0  0.13  1  1  -24  1  39     1   810
220225 1420 -21  0.24  14.0970931  HA4KYB JN97 27         -4  0.39  1  1    0  0   7     1   504
220225 1420 -10  0.02  14.0971314  EA6ALL JM19 23         -2  0.62  1  1    0  0   3     1   563
220225 1420 -12  0.24  14.0971355  EA6URP JM19 23          0  0.23  1  1    0  0   7     1   481
220225 1420 -24  0.37  14.0971896  CT1BAT IN50 23          0  0.31  1  1    0  0  18     1   319
220225 1422 -29  0.37  14.0970295  EA4TK IN80 23           0  0.17  1  1  -16  1  41     1   810
220225 1422 -22  1.18  14.0970745  M6JGW IO90 23           0  0.42  1  1    0  0   0     1   738
220225 1422 -16  0.19  14.0970905  HA4KYB JN97 30         -4  0.52  1  1    0  0  10     1   459
220225 1422 -21  0.28  14.0971355  <EA6URP> JM19IN 23      0  0.34  1  1    0  0  14     1   352
220225 1422 -23  0.71  14.0971535  HA5IS JN97 37           0  0.37  1  1    0  0   4     1   611
220225 1422 -27  0.41  14.0971894  <CT1BAT> IN50SE 23      0  0.19  1  1   -8  0  32    90  -177
220225 1424 -23  0.11  14.0970775  IK6ZEW JN72 20          0  0.35  1  1    0  0   7     1   539
220225 1424 -20  0.19  14.0970973  EA6ANX JM19 23          0  0.44  1  1    0  0   6     1   508
220225 1424 -14 -0.45  14.0971120  OE3KFB JN78 37          0  0.58  1  1    0  0   0     1   617
220225_142600    14.096 Tx WSPR     0  0.0 1432 2E0UXV IO90 30
220225 1428 -22  0.41  14.0970543  EA6DT JM19 23           0  0.38  1  1    0  0   8     1   512
220225 1428 -23  0.79  14.0970635  SM5CJW JO89 23          0  0.36  1  1    0  0   9     1   513
220227 1108 -26  0.07  14.0970379  HG7RED JN97 23          1  0.25  1  1    0  0  30    12   -71
220227 1108 -17  0.37  14.0970777  <CT1BAT> IN50SE 23      1  0.50  1  1    0  0   8     1   556
220227 1108 -11  0.71  14.0970865  DG2MCM JN57 23          1  0.69  1  1    0  0   5     1   552
220227 1108 -14  0.02  14.0971126  OH5XO KP41 27          -1  0.40  1  1    0  0   3     1   530
220227 1108 -25  0.11  14.0971143  SM5SSZ JO89 33          0  0.26  2  1    0  1  37     1   810
220227 1108 -21  0.11  14.0971318  EA6URP JM19 23          1  0.27  2  1    8  1  41     1   810
220227 1108 -20  0.07  14.0971348  SK6JX JO66 23           1  0.33  2  1    0  1  44     1   810
220227 1108 -10  0.02  14.0971355  SM6OES JO57 33          1  0.55  1  1    0  0   3     1   605
220227 1108  -4 -2.32  14.0971516  SM2BLY KP15 37          0  0.46  1  1    0  0  10     1   450
220227 1108 -24  0.32  14.0971676  <...> KO85SR 23         1  0.24  1  1    0  0  60     1   157
220227 1108 -25  1.47  14.0971942  VE3KCL IN09 10          1  0.24  1  1    0  0  16     1   368
220227 1110 -21 -0.57  14.0970006  CT1EBQ IM58 23          3  0.43  1  1    0  0  10     1    60
220227 1110 -18  0.02  14.0970946  OZ1IDG JO65 37          0  0.27  2  1   56  1  34     1   810
220227 1110   3  0.07  14.0971015  OZ1IDG JO65 37          0  0.64  1  1    0  0   1     1   156
220227 1110   4  0.07  14.0971084  OZ2JBR JO65 37          1  0.74  1  1    0  0   1     1   155
220227 1110 -12 -0.15  14.0971145  EA6ALL JM19 23         -1  0.21  1  1    0  1  29     1   810
220227 1110  -8  0.19  14.0971303  IU2PJI JN45 23          0  0.32  1  1    0  0  27    37   -77
220227 1110  -8  0.19  14.0971331  OE7XZB JN57 23          0  0.27  1  1   56  0  22   258  -106
220227 1110  -2  0.19  14.0971628  DK3DUA JO61 23         -2  0.52  1  1    0  0  10     2   -15
220227 1110 -15  0.11  14.0971656  DC7TO JO62 27           1  0.29  2  1    0  0  32    90   -54
220227 1110 -26  0.41  14.0971895  EA4TK IN80 23           1  0.18  1  1   -8  1  35     1   810
220227 1110 -16 -0.45  14.0972013  SA6BSS JN57 43          0  0.38  1  1    0  0  19     6    16
220227 1112 -16  0.24  14.0970503  OK1VAW JO70 23          0  0.34  1  1    0  0   7     2   383
220227 1112 -12  0.15  14.0970744  HA4KYB JN97 30         -4  0.68  1  1    0  0   1     1   777
220227 1112 -29  0.07  14.0971077  M0AIJ IO80 33           0  0.18  3  2    0  0  33   154  -110
220227 1112 -23 -0.06  14.0971157  DH7WR JO62 23           0  0.34  1  1    0  0  19     2   296
220227 1112 -27  1.01  14.0971379  OK2SAM JN99 30          0  0.19  1  1    0  1  37     1   810
220227 1112 -16  0.66  14.0972109  040KSD KR39  7          0  0.28  3  1    0  0   8     1   504
220227 1114 -19  0.02  14.0970223  OZ0RF JO65 13           0  0.46  1  1    0  0   7     1   457
220227 1114 -30  0.02  14.0970653  G7GXK IO90 23           3  0.17  1  1    0  1  29     1   810
220227 1114 -29 -0.87  14.0970728  UB8SFY LO62 23          1  0.20  1  1    0  1  29     1   810
220227 1114 -11  0.02  14.0971119  EA7URC IM77 27          2  0.62  1  1    0  0   3     1   508
220227 1114  -9  0.15  14.0971428  DL2JKK JO61 23          1  0.65  1  1    0  0   0     1   653
220227 1114  -4 -2.45  14.0971538  SM2BLY KP15 37          0  0.48  1  1    0  0   3     1   619
220227 1114 -21  0.11  14.0971683  PA3BTI JO22 43          0  0.24  1  1    0  0  11     3   323
220227 1114 -22  0.07  14.0971754  IU1FIG JN44 20          0  0.34  1  1    0  0  14     1   380
220227 1116 -29  0.15  14.0970477  OE6PWD JN77 27          0  0.16  3  3  -40  0  28   245  -107
220227 1116 -15 -0.02  14.0970693  SK6JX JO66 23           0  0.62  1  1    0  0   0     1   726
220227 1116 -10  0.02  14.0971137  OH5XO KP41 27          -1  0.60  1  1    0  0   2     1   589
220227 1116 -23  0.02  14.0971190  DH7WR JO62 23           0  0.25  2  1    0  0  23    10    15
220227 1116 -13  0.32  14.0971554  IZ1RWC JN44 27          0  0.53  1  1    0  0   4     1   540
220227 1116 -15  1.05  14.0971949  040KSD LK00  0          0  0.39  1  1    0  0   5     1   577
220227 1118 -28  0.83  14.0970646  SM5CJW JO89 23          0  0.20  1  1    0  1  36     1   810
220227 1118 -17  0.19  14.0970767  OK1VAW JO70 23         -2  0.35  1  1    0  0  10     1   412
220227 1118 -26 -0.83  14.0970812  UB8SFY LO62 23          0  0.18  2  1    0  0  28   254   -55
220227 1118 -21  0.02  14.0971158  AC1LL FN53 37          -1  0.36  1  1    0  0  19     1   306
220227 1118 -16  0.24  14.0971262  EA6ANX JM19 23          0  0.48  1  1    0  0   4     1   477
220227 1118  -9  0.02  14.0971381  SM6OES JO57 33          0  0.67  1  1    0  0   1     1   683
220227 1118 -15  0.07  14.0971674  DC7TO JO62 27          -1  0.23  1  1    0  0  13     1   404
220227 1118 -17  0.32  14.0971694  EA6DT JM19 23          -1  0.26  2  1    0  0  10     1   456
220227 1118  -8  1.26  14.0971769  <...> JO60JS 23         0  0.64  1  1    0  0  51    65   -68
220227 1120 -13  0.32  14.0970326  OE7XZB JN57 23          0  0.54  1  1    0  0   5     1   513
220227 1120 -17  0.58  14.0970941  OE7GMT JN57 30         -4  0.45  1  1    0  0   2     1   557
220227 1120  -5  0.15  14.0971149  DK3DUA JO61 23          0  0.55  1  1    0  0  12     1   394
220227 1120 -12 -0.02  14.0971226  IQ8BB JN70 23           2  0.21  1  1    0  0  22    14   -13
220227 1120 -18  0.41  14.0971269  <EA6ANX> JM19GM 23      0  0.23  1  1    0  0  28     1   155
220227 1120  -6 -2.54  14.0971547  SM2BLY KP15 37          0  0.40  1  1    0  0  12     1   396
220227 1120 -16  0.58  14.0971958  SP2LNY JO94 23          0  0.49  1  1    0  0   3     1   658
220227 1120 -15 -0.23  14.0972022  SA6BSS JN56 43          1  0.41  1  1    0  0   6     1   445
220227 1122 -29  0.19  14.0970552  G7GXK IO90 23           2  0.13  1  1    0  1  33     1   810
220227 1122 -15  0.11  14.0970767  HA4KYB JN97 30         -4  0.29  1  1    0  0   7     1   472
220227 1122 -14  1.30  14.0970782  M6JGW IO90 23           0  0.24  1  1    0  1  33     1   810
220227 1122 -31  0.07  14.0971100  M0AIJ IO80 33           0  0.14  2  1   -8  1  34     1   810
220227 1122   5  0.07  14.0971283  OZ2JBR JO65 37          0  0.83  1  1    0  0   0     1   740
220227 1122 -27  1.05  14.0971402  OK2SAM JN99 30          0  0.13  3  1  -48  1  41     1   810
220227 1122 -25 -0.27  14.0971933  070FJQ KD24 50         -1  0.17  1  1    8  0  26   460  -134
220227 1124 -24  0.15  14.0970460  IK1HGI JN45 23         -3  0.35  1  1    0  0  11     1   461
220227 1124 -14  0.02  14.0971152  OH5XO KP41 27           0  0.58  1  1    0  0   6     1   530
220227 1124 -27  0.02  14.0971211  DH7WR JO62 23           0  0.16  1  1    0  1  48     1   810
220227 1124 -14  0.19  14.0971318  OK1VAW JO70 23         -1  0.46  1  1    0  0   5     1   567
220227 1124 -18 -0.02  14.0971384  SK6JX JO66 23           1  0.42  1  1    0  0   7     1   491
220227 1124  -7  1.22  14.0971788  DL9JGO JO60 23          0  0.57  1  1    0  0   2     1   596
220227 1124 -25  0.37  14.0972009  EA6URP JM19 23          0  0.24  1  1    0  0  31     7   -27
220227 1126 -21  0.32  14.0970393  DF1GA JO61 23           0  0.35  1  1    0  0  16     4   351
220227 1126 -19  1.22  14.0970790  <M6JGW> IO90BR 23       0  0.50  1  1    0  0   5     1   615
220227 1126 -26 -0.79  14.0970994  UB8SFY LO62 23          0  0.19  1  1    0  0  36     2   -24
220227 1126 -21  0.11  14.0971316  OZ8WSP JO57 23          0  0.33  1  1    0  0  20     6   211
220227 1126 -20  0.28  14.0971503  OH6CR KP12 17           0  0.20  2  1  -40  0  27   114   -85
220227 1126 -20  0.45  14.0971539  EA4TK IN80 23           0  0.18  2  1    0  0  31   129  -107
220227 1126  -6 -2.66  14.0971563  SM2BLY KP15 37          0  0.54  1  1    0  0   4     1   506
220227 1126 -19  0.11  14.0971698  DC7TO JO62 27          -1  0.16  2  1    0  0  28    19     9
220227 1126 -23  0.11  14.0971711  PA3BTI JO22 43          0  0.22  3  1    0  0  32    49  -111
220227 1126  -3  1.22  14.0971793  <DL9JGO> JO60JS 23      0  0.39  1  1    0  0  11    20   174
220227 1126 -14  0.24  14.0971928  DL2JKK JO61 23          0  0.51  1  1    0  0   8     1   378
220227 1126 -25  0.32  14.0972012  <EA6URP> JM19IN 23      0  0.20  1  1    0  0  21     1   177
220227 1128 -19  0.37  14.0970395  <...> JO61HB 23         0  0.44  1  1    0  0  47     1   428
220227 1128 -26  0.83  14.0970668  SM5CJW JO89 23          0  0.28  1  1    0  0  21     1   164
220227 1128 -24 -0.49  14.0971184  SM3ESX JP82 20          0  0.23  1  1    0  0  33     5   -27
220227 1128 -24  0.02  14.0971216  DH7WR JO62 23          -1  0.20  1  1    0  1  39     1   810
220227 1128   3  1.22  14.0971796  DL9JGO JO60 23          0  0.70  1  1    0  0   0     1   713
220227 1128 -20  0.45  14.0971947  EA6DT JM19 23          -2  0.27  1  1    0  0   8     1   437
220227 1128 -26  0.45  14.0971991  VE3KCL IN09 10          1  0.18  1  1    0  0  27     4    16
220227 1130 -20  0.28  14.0970819  OK1VAW JO70 23         -2  0.25  2  1    0  0  21     1   192
220227 1130  -9  3.48  14.0970848  LA1ITS JO59 37          0  0.57  1  1    0  0   3     1   561
220227 1130 -16  0.62  14.0970979  OE7GMT JN57 30         -4  0.35  1  1    0  0   9     1   419
220227 1130 -25 -1.00  14.0971081  UB8SFY LO62 23          0  0.19  1  1    0  1  41     1   810
220227 1130  -9  0.02  14.0971153  EA7URC IM77 27          0  0.42  1  1    0  1  23     1   810
220227 1130 -10  0.02  14.0971182  EA6ALL JM19 23          0  0.40  1  1    0  0  17     3   281
220227 1130 -10  0.11  14.0971407  SM6OES JO57 33          0  0.42  1  1    0  0   0     1   651
220227 1130   8  0.07  14.0971566  OZ7IT JO65 33           0  0.73  1  1    0  0   0     1   729
220227 1130  -2  1.26  14.0971798  <DL9JGO> JO60JS 23      0  0.52  1  1    0  0   8     1   504
220227 1130  -7  0.19  14.0972093  DK3DUA JO61 23         -1  0.68  1  1    0  0   0     1   646
220227 1132 -12  0.28  14.0970743  IZ1RWC JN44 27          0  0.38  1  1    0  0   9     1   359
220227 1132 -12  0.15  14.0970784  HA4KYB JN97 30         -4  0.37  1  1    0  0   1     1   609
220227 1132  -9  0.02  14.0971163  OH5XO KP41 27           0  0.59  1  1    0  0   7     1   431
220227 1132 -11  0.07  14.0971192  SM5SSZ JO89 33          0  0.52  1  1    0  0  22     1   165
220227 1132 -27 -0.06  14.0971215  DH7WR JO62 23           0  0.21  2  1    0  1  33     1   810
220227 1132 -17  0.02  14.0971390  SK6JX JO66 23           0  0.51  1  1    0  0   3     1   616
220227 1132 -29  1.01  14.0971416  OK2SAM JN99 30          0  0.15  3  2    0  1  35     1   810
220227 1132  -5 -2.79  14.0971569  SM2BLY KP15 37         -1  0.58  1  1    0  0   1     1   622
220227 1134 -23  0.32  14.0970397  RW3DIA KO85 23          0  0.33  1  1    0  0  10     1   281
220227 1134 -28  0.19  14.0970591  OK1IAW JO70 23          0  0.14  1  1    0  1  40     1   810
220227 1134 -28  0.07  14.0971115  M0AIJ IO80 33           0  0.16  1  1    0  1  33     1   810
220227 1134 -27 -0.74  14.0971162  UB8SFY LO62 23          0  0.16  1  1    0  1  35     1   810
220227 1134 -16  0.41  14.0971700  DC7TO JO62 27           0  0.27  1  1  -32  1  40     1   810
220227 1134 -16  0.41  14.0971728  SP2LNY JO94 23          0  0.27  1  1    0  0  12     1   455
220227 1134  -1  1.26  14.0971798  DL9JGO JO60 23          0  0.53  1  1    0  0   4     1   589
220227 1136 -20  0.37  14.0970402  <RW3DIA> KO85SR 23      0  0.41  1  1    0  0  10     1   397
220227 1136 -18  1.30  14.0970792  M6JGW IO90 23           0  0.56  1  1    0  0   0     1   785
220227 1136 -26 -0.02  14.0971199  DH7WR JO62 23           0  0.19  1  1    0  1  37     1   810
220227 1136  -2  1.30  14.0971798  <DL9JGO> JO60JS 23      0  0.41  1  1    0  0   9     1   449
220227_114000    14.096 Tx WSPR     0  0.0 1422 2E0UXV IO90 30
220227 1138 -15  0.19  14.0970351  DL2JKK JO61 23          0  0.61  1  1    0  0   0     1   645
220227 1138 -29  0.88  14.0970670  SM5CJW JO89 23          0  0.14  1  1    0  1  42     1   810
220227 1138   1  0.07  14.0971058  OZ1IDG JO65 37          0  0.74  1  1    0  0   0     1   676
220227 1138 -18  0.37  14.0971117  EA6DT JM19 23          -3  0.42  2  1    0  0   3     1   602
220227 1138 -29 -0.83  14.0971239  UB8SFY LO62 23          0  0.16  3  2    0  1  36     1   810
220227 1138 -18 -0.10  14.0971310  DL2HAH JO54 20         -2  0.42  1  1    0  0   6     1   516
220227 1138 -29  0.11  14.0971408  G7GXK IO90 23           2  0.14  1  1    8  1  41     1   810
220227 1138  -8 -2.88  14.0971566  SM2BLY KP15 37         -1  0.48  1  1    0  0   1     1   620
220227 1138 -22  0.11  14.0971709  PA3BTI JO22 43          0  0.22  1  1    0  0  23     2   204
220227 1138 -19  0.15  14.0971958  UA1ZFG KO46 30          0  0.30  1  1    0  0  22     3   225
220227 1138 -20  0.28  14.0971986  VE3KCL IN09 10          1  0.22  1  1   -8  1  45     1   810
220227 1142 -19  0.41  14.0970614  <CT1BAT> IN50SE 23      0  0.34  1  1    0  0  25    62   102
220227 1142 -21  0.32  14.0970641  DF1GA JO61 23           0  0.28  1  1    0  0  24    13   131
220227 1142 -14  0.19  14.0970782  HA4KYB JN97 30         -4  0.41  1  1    0  0   4     1   442
220227 1142 -23  0.28  14.0970788  <EA6URP> JM19IN 23      0  0.18  2  1   -8  0  35   167  -108
220227 1142 -22  0.24  14.0970833  OK1VAW JO70 23         -3  0.21  2  1    0  0  14     1   215
220227 1142 -29 -0.91  14.0971318  UB8SFY LO62 23          0  0.21  1  1    8  1  43     1   810
220227 1142 -27  0.45  14.0971655  EA4TK IN80 23           0  0.18  1  1    0  0  25   173    90
220227 1142  -4  1.26  14.0971794  DL9JGO JO60 23          0  0.42  1  1    0  0   4     1   534
220227 1144 -21  0.02  14.0970252  OZ0RF JO65 13           0  0.42  1  1    0  0   4     1   637
220227 1144 -25  0.24  14.0970640  <...> JO61HB 23         0  0.29  1  1    0  0  53     3   173
220227 1144 -28  0.07  14.0971214  DH7WR JO62 23          -1  0.17  1  1    0  1  32     1   810
220227 1144  -8 -3.01  14.0971565  SM2BLY KP15 37          0  0.45  1  1    0  0   4     1   552
220227 1146 -31  0.11  14.0970822  G7GXK IO90 23           2  0.12  2  1    0  1  38     1   810
220227 1146 -16  0.07  14.0971152  EA7URC IM77 27          0  0.40  1  1    0  0   8     1   472
220227 1146 -22  0.75  14.0971195  IU8EUN JM88 37          0  0.23  3  2   -8  1  41     1   810
220227 1146  -5  1.26  14.0971790  <DL9JGO> JO60JS 23      0  0.47  1  1    0  0   6     1   534
220227 1148 -21 -0.06  14.0970520  DL2HAH JO54 20         -2  0.33  1  1    0  0   6     1   477
220227 1148 -22  0.02  14.0970596  SK6JX JO66 23           0  0.40  1  1    0  0   6     1   566
220227 1148 -21  1.26  14.0970785  <M6JGW> IO90BR 23       0  0.46  1  1    0  0   0     1   757
220227 1148 -24  0.28  14.0971028  OK1VAW JO70 23         -3  0.25  1  1    0  0  18     5    82
220227 1148 -15  0.02  14.0971143  OH5XO KP41 27          -1  0.52  1  1    0  0   3     1   589
220227 1148 -24 -0.53  14.0971180  SM3ESX JP82 20         -1  0.28  2  1    0  0  17     1   328
220227 1148 -22  0.24  14.0971337  SP2LNY JO94 23          0  0.14  1  1    0  1  38     1   810
220227 1148 -22  0.02  14.0971363  DL1DUZ JO61 13         -1  0.22  1  1    0  0  21     2    68
220227 1148  -9  0.15  14.0971568  IZ1RWC JN44 27          0  0.38  1  1    0  0  18     3   226
220227 1148  -6  0.11  14.0971597  IZ4SJP JN54 30          0  0.55  1  1    0  0   1     1   702
220227 1148 -22  0.37  14.0971666  EA6DT JM19 23          -3  0.14  1  1    8  1  40     1   810
220227 1148 -23  0.32  14.0971693  DC7TO JO62 27          -3  0.15  1  1  -56  1  34     1   810
220227 1148 -29  0.62  14.0971982  VE3KCL IN09 10          0  0.17  1  1   -8  1  46     1   810
220227 1150 -24  0.19  14.0970207  OH6CR KP12 17           0  0.30  1  1    0  0  10     1   408
220227 1150 -14  0.28  14.0970830  IU2PJI JN45 23          0  0.54  1  1    0  0   2     1   650
220227 1150  -3  0.07  14.0971049  OZ1IDG JO65 37          0  0.70  1  1    0  0   0     1   755
220227 1150 -16  0.19  14.0971149  DJ8AW JO53 10          -1  0.30  1  1    0  0  24     3   190
220227 1150 -23  0.02  14.0971156  IQ8BB JN70 23           0  0.23  2  1    0  0  33   171  -105
220227 1150 -19  0.02  14.0971342  EA6ALL JM19 23         -1  0.14  1  1    0  0  16     6   276
220227 1150 -13  0.02  14.0971397  SM6OES JO57 33          0  0.44  1  1    0  0   1     1   687
220227 1150 -21  0.37  14.0971454  GM1BAN IO88 23          0  0.14  1  1  -32  0  30   411  -176
220227 1150   3  0.07  14.0971557  OZ7IT JO65 33           0  0.64  1  1    0  0   1     1   696
220227 1150  -0  0.07  14.0971587  IZ4SJP JN54 30          0  0.56  1  1    0  1  40     1   810
220227 1150   2  0.32  14.0971732  DG7RJ JN58 37           0  0.55  1  1    0  0   7     1   522
220227 1150  -7  1.22  14.0971786  DL9JGO JO60 23          0  0.27  2  1    0  0  14    16    18
220227 1150 -17  0.19  14.0971941  DL2JKK JO61 23          0  0.27  1  1    0  0  21     1   293
220227 1152 -24  0.11  14.0971033  UA1ZFG KO46 30          2  0.33  1  1    0  0  11     1   415
220227 1152 -28  1.09  14.0971403  OK2SAM JN99 30          0  0.19  1  1    0  1  37     1   810
220227 1152 -13  0.41  14.0971729  OE7XZB JN57 23          0  0.49  1  1    0  0  21     1    71
220227 1154 -21  0.24  14.0970608  OK1VAW JO70 23         -3  0.25  1  1    0  0  25     8    51
220227 1154  -0  1.26  14.0971774  <DL9JGO> JO60JS 23      0  0.70  1  1    0  0   0     1   766
220227 1154 -18  1.18  14.0972071  SA6BSS JN56 43          0  0.36  1  1    0  0  15     2   230
220227 1156 -19  1.22  14.0970569  W4DJW EM84 40          -2  0.31  1  1    0  0  16     1   254
220227 1156 -13  0.02  14.0971119  OH5XO KP41 27          -2  0.57  1  1    0  0   5     1   508
220227 1156 -20  0.66  14.0971170  IU8EUN JM88 37         -1  0.27  1  1    0  0  21     2   215
220227 1156 -27  0.11  14.0971289  OZ8WSP JO57 23         -1  0.21  1  1    0  0  28     5   -16
220227 1156 -18  0.07  14.0971363  SK6JX JO66 23          -1  0.44  1  1    0  0   6     1   498
220227 1156  -4 -3.22  14.0971537  SM2BLY KP15 37         -3  0.49  1  1    0  0   3     1   578
220227 1156 -24  0.11  14.0971669  DC7TO JO62 27          -2  0.17  1  1    0  0  12     2   364
220227 1156  -2  1.26  14.0971765  DL9JGO JO60 23         -1  0.66  1  1    0  0   0     1   747
220227 1156 -18  1.22  14.0971948  060STA JA02 20         -1  0.32  1  1    0  0  12     1   487
220227 1156 -27  0.32  14.0972068  EA6URP JM19 23         -1  0.17  1  1    0  1  36     1   810
220227_115800    14.096 Tx WSPR     0  0.0 1422 2E0UXV IO90 30
220227 1200 -18  1.26  14.0970739  M6JGW IO90 23           0  0.33  1  1    0  0  12     1   495
220227 1200 -19  0.19  14.0970771  HA4KYB JN97 27         -4  0.33  1  1    0  0  13     1   413
220227 1200 -14 -0.23  14.0971089  G0VXG JM29 30          -2  0.37  1  1    0  0   0     1   690
220227 1200 -15 -0.02  14.0971284  EA6ALL JM19 23         -2  0.53  1  1    0  0   4     1   545
220227 1200 -23  0.02  14.0971333  SK6JX JO66 23           0  0.20  1  1    0  0  18    40   158
220227 1200  -9  1.22  14.0971741  <DL9JGO> JO60JS 23      0  0.69  1  1    0  0   1     1   615
220227 1200 -26  0.49  14.0971943  044EHV KC85 13          0  0.21  1  1    0  0  29    38   -23
220227 1202 -17  0.11  14.0970739  HA4KYB JN97 30         -3  0.53  1  1    0  0   3     1   552
220227 1202 -24  0.02  14.0971078  DL1DUZ JO61 13          0  0.34  2  1    0  0  22     1   228
220227 1202 -15  0.07  14.0971098  EA7URC IM77 27          1  0.43  1  1    0  0   9     1   444
220227 1202 -28  0.96  14.0971357  OK2SAM JN99 30          0  0.18  2  1    8  1  35     1   810
220227 1202  -6 -3.35  14.0971508  SM2BLY KP15 37         -1  0.46  1  1    0  0   9     1   439
220227 1202 -18  0.15  14.0971622  OE7XZB JN57 23          0  0.24  1  1   24  1  37     1   810
220227 1202 -10  1.26  14.0971734  DL9JGO JO60 23          0  0.48  1  1    0  0   4     1   525
220227 1202 -15  0.19  14.0971940  DL2JKK JO61 23          0  0.56  1  1    0  0   0     1   628
220227 1204 -25  0.49  14.0970430  EA3MR JN12 37           0  0.29  1  1    0  0  14     3   345
220227 1204  -4 -0.40  14.0971058  G0VXG JM29 30           0  0.47  1  1    0  0   0     1   711
220227 1204 -27  0.02  14.0971138  DH7WR JO62 23          -1  0.12  1  1    0  1  43     1   810
220227 1204   5  0.02  14.0971510  OZ7IT JO65 33           0  0.79  1  1    0  0   1     1   729
220227 1204 -23  1.39  14.0971804  SA6BSS JN56 43          0  0.18  1  1    0  0  29   416   -20
220227 1204 -12  0.28  14.0971904  IZ1RWC JN44 27          0  0.39  1  1    0  0   5     1   549
220227 1206 -21  0.19  14.0970827  OK1VAW JO70 23         -3  0.32  1  1    0  0  11     1   427
220227 1206 -28  0.19  14.0971059  OK1IAW JO70 23          0  0.16  1  1   -8  1  37     1   810
220227 1206 -19  0.62  14.0971147  IU8EUN JM88 37          0  0.45  1  1    0  0   4     1   542
220227 1206 -22  1.39  14.0971771  060POZ KG77 57          0  0.25  1  1    0  0  19     2   199
220227 1206 -21  0.24  14.0971828  UA1ZFG KO46 30          2  0.36  1  1    0  0  19     1   196
220227 1208 -21  0.19  14.0970431  IK1HGI JN45 23         -3  0.28  1  1    0  0  16     1   287
220227 1208 -30  0.71  14.0970434  EA3MR JN12 37           0  0.17  2  1  -16  1  42     1   810
220227 1208 -31  0.19  14.0970695  EA6DT JM19 23          -2  0.13  1  1   -8  1  31     1   810
220227 1208   0  0.07  14.0971000  OZ1IDG JO65 37          0  0.78  1  1    0  0   0     1   688
220227 1208 -16  0.02  14.0971038  G0VXG JM29 30          -2  0.25  1  1  -40  1  43     1   810
220227 1208 -21  0.11  14.0971111  OH5XO KP41 27          -2  0.16  1  1    0  0  28    34    80
220227 1208 -11 -3.43  14.0971511  SM2BLY KP15 37          0  0.37  1  1    0  0  12     1   320
220227 1208 -22  0.02  14.0971523  IZ4SJP JN54 30          0  0.25  2  1    0  0  19    14    88
220227 1208 -22 -0.02  14.0971628  SK6JX JO66 23           0  0.35  1  1    0  0   8     1   478
220227 1210 -18  0.24  14.0970415  IU2PJI JN45 23          0  0.51  1  1    0  0   3     1   555
220227 1210 -19 -0.40  14.0970619  OE9RWH JN57 30          0  0.42  1  1    0  0  15     1   378
220227 1210 -22  0.19  14.0970783  HA4KYB JN97 27         -4  0.28  1  1    0  0  24     2   194
220227 1210 -25 -0.02  14.0971134  EA6ALL JM19 23         -2  0.23  2  1    0  0  22     3    95
220227 1210 -20 -0.02  14.0971162  IQ8BB JN70 23           2  0.23  1  1    0  1  28     1   810
220227 1210 -11  0.02  14.0971350  SM6OES JO57 33          0  0.28  1  1    0  0   0     1   740
220227 1210  -7  0.49  14.0971394  OZ1BZS JO46 37         -1  0.65  1  1    0  0   0     1   719
220227 1210 -26  0.07  14.0971647  DC7TO JO62 27           0  0.26  1  1    0  0  19     1   215
220227 1210 -26 -0.06  14.0971826  SA6BSS JN56 43          0  0.14  1  1    0  1  42     1   810
220227 1212 -19  0.28  14.0970291  OK1VAW JO70 23         -4  0.32  1  1    0  0   4     1   511
220227 1212 -19  0.41  14.0970398  OE7XZB JN57 23          0  0.37  1  1    0  0  10     1   432
220227 1212 -15  0.15  14.0970752  HA4KYB JN97 30         -4  0.57  1  1    0  0   0     1   686
220227 1212 -24  0.32  14.0970786  IK1NET JN34 23          0  0.26  2  1    0  0  31     2     0
220227 1212 -13 -0.40  14.0971025  G0VXG JM29 30          -1  0.44  1  1    0  0   1     1   665
220227 1212 -29  0.02  14.0971160  DH7WR JO62 23           0  0.19  1  1    0  0  27   329  -127
220227 1212  -6  1.26  14.0971740  DL9JGO JO60 23          0  0.73  1  1    0  0   0     1   600
220227 1212 -25 -0.02  14.0971757  060MKS LK00 23          0  0.21  2  1    0  0  24     1   118
220227 1214 -31  0.02  14.0970198  OZ0RF JO65 13           0  0.20  1  1    0  1  35     1   810
220227 1214 -23  1.26  14.0970737  <M6JGW> IO90BR 23       0  0.34  1  1    0  0   1     1   662
220227 1214 -16  0.75  14.0970828  DD2RT JN58 30           0  0.23  1  1    0  0  23     2   143
220227 1214 -18  0.19  14.0970994  DL2JKK JO61 23          0  0.44  1  1    0  0   9     1   439
220227 1214 -18  0.02  14.0971104  EA7URC IM77 27          0  0.41  1  1    0  0  12     1   390
220227 1214   6  0.07  14.0971513  OZ7IT JO65 33           0  0.73  1  1    0  0   2     1   727
220227 1214 -14 -3.56  14.0971513  SM2BLY KP15 37          0  0.22  2  1    0  0  28     3    67
220227 1214  -7  1.26  14.0971741  <DL9JGO> JO60JS 23      0  0.68  1  1    0  0   0     1   623
220227 1214 -27  0.32  14.0971818  SA6BSS JN56 43          0  0.15  2  1    0  0  30    16   -80
220227 1216 -25  0.28  14.0970709  DL1DUZ JO61 13          0  0.25  1  1    0  0  19     1   226
220227 1216  -2  0.11  14.0970998  OZ1IDG JO65 37          0  0.53  1  1    0  0   7     1   539
220227 1216 -13 -0.40  14.0971011  G0VXG JM29 30           0  0.35  2  1    0  0   3     1   573
220227 1216 -18  0.07  14.0971102  OH5XO KP41 27          -1  0.30  1  1    0  0  21     4   170
220227 1216 -26  0.02  14.0971138  DH7WR JO62 23           0  0.13  2  1    0  1  40     1   810
220227 1216 -25  0.54  14.0971192  SP2LNY JO94 23          0  0.19  1  1    0  0  30    29   -33
220227 1216 -23 -0.02  14.0971316  SK6JX JO66 23           0  0.26  1  1    0  0   6     1   466
220227 1216 -16  0.32  14.0971899  <...> JO61HB 23         0  0.16  3  2    0  0  64     1    82
220227 1218 -23  0.41  14.0970769  EA6DT JM19 23          -1  0.22  1  1    0  0  21     2   120
220227 1218 -11  0.02  14.0971349  SM6OES JO57 33          0  0.60  1  1    0  0   0     1   753
220227 1218 -11  0.11  14.0971519  IZ4SJP JN54 30          0  0.59  1  1    0  0   2     1   694
220227 1218 -15  0.02  14.0971642  DC7TO JO62 27          -2  0.53  1  1    0  0   5     1   482
220227 1218 -24 -0.53  14.0971702  060MKS MJ68 40          0  0.18  1  1    0  0  27    69    46
220227 1220 -19  0.66  14.0970428  EA3MR JN12 37           0  0.32  1  1    0  0  30    26  -144
220227 1220 -20  0.19  14.0970782  HA4KYB JN97 27         -4  0.41  1  1    0  0  15     4   294
220227 1220 -15  0.66  14.0970917  OE7GMT JN57 30         -4  0.34  1  1    0  0  15     1   298
220227 1220 -25 -0.06  14.0971140  EA6ALL JM19 23         -1  0.24  2  1    0  0  28   175   -61
220227 1220 -18  0.02  14.0971188  IQ8BB JN70 23           0  0.47  1  1    0  0   5     1   538
220227 1220 -12 -3.69  14.0971507  SM2BLY KP15 37         -1  0.43  1  1    0  0   3     1   552
220227 1220 -14  0.37  14.0971671  IZ1RWC JN44 27          0  0.24  2  1    0  1  23     1   810
220227 1220   1  0.41  14.0971682  DG7RJ JN58 37           0  0.70  1  1    0  0   4     1   615
220227 1220 -22  0.79  14.0971842  SA6BSS JN56 43          0  0.20  1  1    0  0  25     2    98
220227 1222 -17  1.35  14.0970730  M6JGW IO90 23           0  0.21  1  1    0  0  18     3   178
220227 1222 -17  0.15  14.0970753  HA4KYB JN97 30         -4  0.35  1  1    0  0   8     1   520
220227 1222 -29 -0.79  14.0970856  UB8SFY LO62 23          0  0.16  1  1    0  1  35     1   810
220227 1222 -25  0.41  14.0971108  EA6ANX JM19 23          0  0.11  3  3  -64  1  39     1   810
220227 1222 -13  0.37  14.0971161  OE7XZB JN57 23          0  0.53  1  1    0  0   3     1   613
220227 1222 -26  0.15  14.0971273  OK1IAW JO70 23          0  0.25  1  1    0  0  19     1   138
220227 1222 -25  1.13  14.0971355  OK2SAM JN99 30          0  0.24  1  1    0  0  28     2    42
220227 1222 -11  1.30  14.0971731  DL9JGO JO60 23          0  0.63  1  1    0  0   8     1   521
220227 1222 -20  0.92  14.0971789  060JGL LC92 60          0  0.27  1  1    0  0  15     1   393
220227 1224 -27  0.88  14.0970608  SM5CJW JO89 23          0  0.22  1  1    0  0  21     3   114
220227 1224 -16  0.24  14.0971062  OK1VAW JO70 23         -2  0.37  1  1    0  0  24     1   213
220227 1224 -15  0.02  14.0971093  OH5XO KP41 27          -1  0.36  1  1    0  1  34     1   810
220227 1224 -24  0.11  14.0971155  DH7WR JO62 23           0  0.27  1  1    0  0  27     1   127
220227 1224 -23  0.07  14.0971238  IU1FIG JN44 20          0  0.33  1  1    0  0  11     2   384
220227 1224 -17  0.02  14.0971335  SK6JX JO66 23           0  0.47  1  1    0  0   4     1   561
220227 1224 -19  1.26  14.0971838  SA6BSS JN56 43          0  0.38  1  1    0  0  10     1   471
220227 1226 -13  0.19  14.0970345  DL2JKK JO61 23          0  0.66  1  1    0  0   1     1   615
220227 1226 -20  1.30  14.0970729  <M6JGW> IO90BR 23       0  0.39  1  1    0  0   0     1   735
220227 1226   1  0.11  14.0970987  OZ1IDG JO65 37          0  0.75  1  1    0  0   0     1   699
220227 1226 -10  0.11  14.0971341  SM6OES JO57 33          0  0.66  1  1    0  0   0     1   711
220227 1226 -10 -3.73  14.0971505  SM2BLY KP15 37          0  0.35  1  1    0  0  21    12   128
220227 1226 -22  0.02  14.0971636  DC7TO JO62 27          -1  0.19  1  1    0  0  20     2   179
220227 1226 -27  0.02  14.0971652  PA3BTI JO22 43          0  0.16  2  1   40  1  38     1   810
220227 1226 -18  1.18  14.0971837  060JGL LK00 13          0  0.36  1  1    0  0  18     7   159
220227_122800    14.096 Tx WSPR     0  0.0 1422 2E0UXV IO90 30
220227 1230 -29  0.19  14.0970280  <EA6URP> JM19IN 23      0  0.20  3  2   16  0  32    46   -22
220227 1230 -22  0.62  14.0970418  SP2LNY JO94 23          0  0.35  1  1    0  0  16     1   309
220227 1230 -25  1.22  14.0970508  W4DJW EM84 40          -1  0.18  1  1    0  1  37     1   810
220227 1230 -30  0.92  14.0970604  SM5CJW JO89 23          0  0.13  1  1    0  1  34     1   810
220227 1230 -18  0.19  14.0970775  HA4KYB JN97 27         -4  0.50  1  1    0  0   5     1   553
220227 1230 -22  0.11  14.0970931  DL1DUZ JO61 13          0  0.39  1  1    0  0  10     1   488
220227 1230 -13  0.07  14.0971096  EA7URC IM77 27          0  0.47  1  1    0  0  18     1   284
220227 1230 -12  0.07  14.0971127  EA6ALL JM19 23         -1  0.58  1  1    0  0  13     1   411
220227 1230  -9  0.37  14.0971532  IZ4SJP JN54 30          0  0.71  1  1    0  0   0     1   657
220227 1230 -25  0.32  14.0971658  EA4TK IN80 23           0  0.26  1  1    0  0  18     1   241
220227 1230  -8  0.37  14.0971806  IU2PJI JN45 23          0  0.78  1  1    0  0   0     1   594
220227 1230 -21  0.24  14.0971917  VK3MO QF22 37           0  0.18  1  1    0  0  29    45    -3
220227 1230 -17  0.28  14.0972053  OK1VAW JO70 23         -3  0.41  1  1    0  0  14     1   390
220227 1232 -18  0.19  14.0970745  HA4KYB JN97 30         -4  0.49  1  1    0  0   5     1   472
220227 1232 -18  0.07  14.0971094  OH5XO KP41 27           0  0.41  1  1    0  0   4     1   407
220227 1232 -23  0.11  14.0971147  DH7WR JO62 23           0  0.20  1  1    0  0  10     1   333
220227 1232 -13  0.02  14.0971311  SK6JX JO66 23           0  0.47  1  1    0  0   5     1   479
220227 1232 -26  1.05  14.0971344  OK2SAM JN99 30          0  0.21  2  1    0  1  37     1   810
220227 1232   3  0.11  14.0971498  OZ7IT JO65 33           0  0.72  1  1    0  0   8     1   380
220227 1232 -11 -3.90  14.0971503  SM2BLY KP15 37         -3  0.35  2  1    0  0  26    30   -28
220227 1234 -19  0.28  14.0970725  UA1ZFG KO46 30          1  0.43  1  1    0  0  17     1   297
220227 1234 -19  0.07  14.0971630  DC7TO JO62 27           0  0.45  1  1    0  0   9     1   519
220227 1236 -22  0.28  14.0970468  OK1VAW JO70 23         -4  0.36  1  1    0  0  13     1   388
220227 1236 -16  0.24  14.0971057  IZ1RWC JN44 27          0  0.45  1  1    0  0   4     1   552
220227 1236 -13  0.66  14.0971125  IU8EUN JM88 37          0  0.57  1  1    0  0   5     1   499
220227 1236 -31  0.02  14.0971143  DH7WR JO62 23           0  0.17  2  1  -40  1  48     1   810
220227 1238 -20  1.22  14.0970717  M6JGW IO90 23           0  0.46  1  1    0  0   0     1   757
220227 1238 -29  0.15  14.0970869  OK1IAW JO70 23          0  0.17  1  1    8  1  39     1   810
220227 1238 -23 -0.83  14.0971158  UB8SFY LO62 23          0  0.20  1  1    0  0  20     1   266
220227 1238  -7  0.19  14.0971225  DL2JKK JO61 23          0  0.60  1  1    0  0   0     1   660
220227 1238 -21  0.19  14.0971243  EA6ANX JM19 23          0  0.38  2  1    0  0  12     2   380
220227 1238 -13 -4.07  14.0971494  SM2BLY KP15 37         -1  0.32  1  1    0  0   6     1   517
220227 1238 -27  0.11  14.0971639  PA3BTI JO22 43         -1  0.13  1  1    0  0  30    20   -44
220227 1238 -22  0.19  14.0971914  IZ1MHY JN54 23          0  0.27  1  1    0  0  14     1   360
220227 1240 -19  0.66  14.0970409  EA3MR JN12 37           0  0.45  1  1    0  0   9     1   364
220227 1240 -21  0.15  14.0970763  HA4KYB JN97 27         -4  0.40  1  1    0  0   9     1   423
220227 1240 -18  0.07  14.0971075  OH5XO KP41 27           0  0.33  2  1    0  1  35     1   810
220227 1240 -18  0.07  14.0971105  IQ8BB JN70 23           0  0.35  2  1    0  0  23    49    11
220227 1240 -15 -0.02  14.0971114  EA6ALL JM19 23         -4  0.21  1  1    0  1  42     1   810
220227 1240 -21  0.24  14.0971241  <EA6ANX> JM19GM 23      0  0.39  1  1    0  0   5     1   580
220227 1240 -23  0.07  14.0971909  VK3MO QF22 37           0  0.21  1  1    0  0  26     4    86
220227 1242 -18  0.24  14.0970344  OK1VAW JO70 23         -4  0.43  1  1    0  0   7     1   537
220227 1242 -25  0.96  14.0970595  SM5CJW JO89 23          1  0.26  1  1    0  0  24     5    92
220227 1242 -14  0.15  14.0970731  HA4KYB JN97 30         -4  0.64  1  1    0  0   0     1   673
220227 1242 -31  0.02  14.0971022  G7GXK IO90 23           2  0.12  1  1    0  1  43     1   810
220227 1242 -21 -0.74  14.0971240  UB8SFY LO62 23          0  0.29  1  1    0  0  13     1   318
220227 1242  -4  0.07  14.0971330  SM6OES JO57 33          0  0.65  1  1    0  0  11     1   386
220227 1242 -21  0.96  14.0971337  OK2SAM JN99 30          0  0.16  3  2    0  1  31     1   810
220227 1242 -20  0.37  14.0971584  OH3FR KP20 33           0  0.45  1  1    0  0   6     1   519
220227 1244 -26  0.49  14.0970555  SA7HDL JO76 23          0  0.19  3  3   -8  0  31   152  -180
220227 1244 -17  0.41  14.0971295  SP2LNY JO94 23          0  0.50  1  1    0  0   2     1   640
220227 1244 -11 -4.16  14.0971489  SM2BLY KP15 37         -1  0.42  1  1    0  0   3     1   550
220227 1246 -21  1.30  14.0970710  <M6JGW> IO90BR 23       0  0.44  1  1    0  0   0     1   757
220227 1246 -13  0.07  14.0971071  EA7URC IM77 27          1  0.50  1  1    0  0   1     1   697
220227 1246 -13  0.71  14.0971117  IU8EUN JM88 37          0  0.56  1  1    0  0   7     1   454
220227 1246 -27 -0.79  14.0971314  UB8SFY LO62 23          0  0.19  1  1    0  1  43     1   810
220227 1246 -28  0.28  14.0971535  <EA6URP> JM19IN 23      0  0.15  1  1  -16  0  29   422  -128
220227 1248 -16  0.11  14.0971076  OH5XO KP41 27          -1  0.28  1  1  -48  1  36     1   810
220227 1248 -13  0.02  14.0971301  SK6JX JO66 23           0  0.52  1  1    0  0   3     1   642
220227 1248 -24  0.37  14.0972080  CT1BAT IN50 23          0  0.26  1  1    0  0  27    60    -5
220227 1250 -19  0.15  14.0970760  HA4KYB JN97 27         -4  0.46  1  1    0  0   7     1   469
220227 1250 -11  0.66  14.0970892  OE7GMT JN57 30         -4  0.49  1  1    0  0   0     1   654
220227 1250 -16  0.07  14.0971078  IQ8BB JN70 23          -2  0.35  1  1    0  1  43     1   810
220227 1250 -15  0.02  14.0971107  EA6ALL JM19 23         -2  0.46  1  1    0  0  10     1   433
220227 1250 -30 -0.74  14.0971394  UB8SFY LO62 23          0  0.14  3  3  -24  1  35     1   810
220227 1250 -10 -4.29  14.0971485  SM2BLY KP15 37          0  0.52  1  1    0  0   4     1   513
220227 1250 -15  0.19  14.0971617  DL2JKK JO61 23          0  0.45  1  1    0  0   4     1   570
220227 1250 -28  0.24  14.0971633  PA3BTI JO22 43          0  0.25  2  1    0  1  31     1   810
220227 1250 -24  0.19  14.0971906  VK3MO QF22 37           0  0.15  1  1    0  1  32     1   810
220227 1250 -26  0.41  14.0972078  <CT1BAT> IN50SE 23      0  0.23  1  1    0  0  21     1   200
220227_125200    14.096 Tx WSPR     0  0.0 1422 2E0UXV IO90 30
220227 1254 -29  0.15  14.0970209  EA6ANX JM19 23          0  0.18  1  1    0  1  35     1   810
220227 1254 -31  0.19  14.0970935  OK1IAW JO70 23          0  0.15  3  2    0  1  41     1   810
220227 1254 -23  0.32  14.0971646  OE7XZB JN57 23          0  0.25  1  1    0  0  24     1   131
220227 1254 -22  0.24  14.0971895  OK1VAW JO70 23         -2  0.28  1  1    0  0  17     1   347
220227 1256 -23  0.24  14.0970208  <EA6ANX> JM19GM 23      0  0.37  1  1    0  0   6     1   541
220227 1256 -22  1.30  14.0970703  M6JGW IO90 23           0  0.42  1  1    0  0   2     1   704
220227 1256 -20  0.07  14.0971066  OH5XO KP41 27           0  0.38  1  1    0  0  13     1   388
220227 1256 -28  0.71  14.0971110  IU8EUN JM88 37          0  0.18  1  1    0  1  37     1   810
220227 1256 -24  0.02  14.0971237  OZ8WSP JO57 23         -1  0.29  1  1    0  0  21     1   249
220227 1256 -12 -4.41  14.0971479  SM2BLY KP15 37          0  0.49  1  1    0  0   3     1   491
220227 1256 -29  0.45  14.0971491  SA7HDL JO76 23          0  0.15  2  1   -8  1  38     1   810
220227 1258 -22  0.02  14.0971104  SM5SSZ JO89 27          0  0.37  1  1    0  0   7     1   519
220227 1258 -29 -0.91  14.0971547  UB8SFY LO62 23          0  0.14  1  1    0  1  36     1   810
220227 1258 -21  0.37  14.0971845  SP2LNY JO94 23          0  0.15  1  1    0  1  30     1   810
220227 1258 -19 -0.23  14.0971864  SA6BSS JN55 43          0  0.23  1  1  -24  0  22   191   -86
220227 1300 -30  0.66  14.0970395  EA3MR JN12 37           0  0.13  1  1  -56  1  43     1   810
220227 1300 -22  1.18  14.0970485  W4DJW EM84 40           0  0.23  1  1    0  0  27    49   -37
220227 1300 -21  0.19  14.0970755  HA4KYB JN97 27         -4  0.33  1  1    0  0  16     5   252
220227 1300 -15 -0.02  14.0971099  EA6ALL JM19 23         -2  0.54  1  1    0  0   2     1   707
220227 1300 -13  0.02  14.0971287  SK6JX JO66 23           0  0.43  1  1   16  1  37     1   810
220227 1300  -8  0.02  14.0971315  SM6OES JO57 33          0  0.64  1  1    0  0   1     1   731
220227 1300 -16  0.28  14.0971635  OK1VAW JO70 23         -2  0.36  1  1    0  0  12     1   426
220227 1300 -22  0.71  14.0971865  050VAS KD24 50          0  0.24  1  1    0  0  14     1   393
220227 1300 -25  0.02  14.0971901  VK3MO QF22 37           0  0.13  3  1  -24  1  43     1   810
220227 1300 -18  0.15  14.0972101  IZ1MHY JN54 23          0  0.48  1  1    0  0   0     1   716
220227 1302 -29  0.28  14.0970439  EA4TK IN80 23           0  0.17  1  1    0  1  28     1   810
220227 1302 -20  0.19  14.0970719  HA4KYB JN97 30         -4  0.44  1  1    0  0   6     1   480
220227 1302 -14  0.07  14.0971060  EA7URC IM77 27          0  0.61  1  1    0  0   0     1   696
220227 1302 -25  1.01  14.0971325  OK2SAM JN99 30          0  0.22  1  1    0  0  24     1   180
220227 1302 -13 -4.50  14.0971476  SM2BLY KP15 37         -1  0.51  1  1    0  0   2     1   607
220227 1302 -24  0.07  14.0971628  PA3BTI JO22 43         -2  0.16  1  1   24  1  46     1   810
220227 1304 -28 -0.02  14.0971105  DH7WR JO62 23          -1  0.16  1  1    0  0  23     7    10
220227 1306 -18  0.24  14.0970907  OK1VAW JO70 23         -2  0.39  1  1    0  0  14     1   395
